[gd_scene load_steps=4 format=2]

[ext_resource path="res://src/bosses/octogonalBoss/OctogonalBaseFace.tscn" type="PackedScene" id=1]
[ext_resource path="res://assets/imgs/bosses/octogonalBoss/sides/side8.tres" type="SpriteFrames" id=2]
[ext_resource path="res://src/bosses/generalBossStuff/HealthOrbLarge.tscn" type="PackedScene" id=3]

[node name="side8" instance=ExtResource( 1 )]

[node name="AnimatedSprite3D" parent="." index="1"]
frames = ExtResource( 2 )
animation = "1"
frame = 1

[node name="HealthOrbLarge" parent="phase1Orbs" index="0" instance=ExtResource( 3 )]
transform = Transform( 1, 0, 0, 0, 1, 0, 0, 0, 1, -7, 2, -6 )

[node name="HealthOrbLarge2" parent="phase1Orbs" index="1" instance=ExtResource( 3 )]
transform = Transform( 0.966064, 0.223161, -0.130073, -0.220948, 0.97478, 0.0313956, 0.133799, -0.00159082, 0.991007, 6, 2, -6 )

[node name="HealthOrbLarge3" parent="phase1Orbs" index="2" instance=ExtResource( 3 )]
transform = Transform( 0.966064, 0.223161, -0.130073, -0.220948, 0.97478, 0.0313956, 0.133799, -0.00159082, 0.991007, 0, -9, 0 )

[node name="phase2Orbs" parent="." index="3"]
visible = false

[node name="HealthOrbLarge" parent="phase2Orbs" index="0" instance=ExtResource( 3 )]
transform = Transform( 1, 0, 0, 0, 1, 0, 0, 0, 1, -7, 2, -6 )

[node name="HealthOrbLarge2" parent="phase2Orbs" index="1" instance=ExtResource( 3 )]
transform = Transform( 0.966064, 0.223161, -0.130073, -0.220948, 0.97478, 0.0313956, 0.133799, -0.00159082, 0.991007, 6, 2, -6 )

[node name="HealthOrbLarge3" parent="phase2Orbs" index="2" instance=ExtResource( 3 )]
transform = Transform( 0.966064, 0.223161, -0.130073, -0.220948, 0.97478, 0.0313956, 0.133799, -0.00159082, 0.991007, 0, -8, -1 )

[node name="HealthOrbLarge4" parent="phase2Orbs" index="3" instance=ExtResource( 3 )]
transform = Transform( 0.966064, 0.223161, -0.130073, -0.220948, 0.97478, 0.0313956, 0.133799, -0.00159082, 0.991007, 0, -19, 6 )

[node name="phase3Orbs" parent="." index="4"]
visible = false

[node name="HealthOrbLarge" parent="phase3Orbs" index="0" instance=ExtResource( 3 )]
transform = Transform( 1, 0, 0, 0, 1, 0, 0, 0, 1, -7, 2, -6 )

[node name="HealthOrbLarge2" parent="phase3Orbs" index="1" instance=ExtResource( 3 )]
transform = Transform( 0.966064, 0.223161, -0.130073, -0.220948, 0.97478, 0.0313956, 0.133799, -0.00159082, 0.991007, 6, 2, -6 )

[node name="HealthOrbLarge3" parent="phase3Orbs" index="2" instance=ExtResource( 3 )]
transform = Transform( 0.966064, 0.223161, -0.130073, -0.220948, 0.97478, 0.0313956, 0.133799, -0.00159082, 0.991007, 0, -8, -1 )

[node name="HealthOrbLarge4" parent="phase3Orbs" index="3" instance=ExtResource( 3 )]
transform = Transform( 0.966064, 0.223161, -0.130073, -0.220948, 0.97478, 0.0313956, 0.133799, -0.00159082, 0.991007, 0, -19, 6 )

[node name="HealthOrbLarge5" parent="phase3Orbs" index="4" instance=ExtResource( 3 )]
transform = Transform( 0.966064, 0.223161, -0.130073, -0.220948, 0.97478, 0.0313956, 0.133799, -0.00159082, 0.991007, -15.7263, -14.3348, 3 )

[node name="HealthOrbLarge6" parent="phase3Orbs" index="5" instance=ExtResource( 3 )]
transform = Transform( 0.966064, 0.223161, -0.130073, -0.220948, 0.97478, 0.0313956, 0.133799, -0.00159082, 0.991007, 15.2737, -14.3348, 3 )

[node name="HealthOrbLarge7" parent="phase3Orbs" index="6" instance=ExtResource( 3 )]
transform = Transform( 0.999948, -0.00540104, -0.00864361, 0.00556652, 0.999799, 0.0192399, 0.00853795, -0.019287, 0.999778, 20.2737, -23.3348, 8 )

[node name="HealthOrbLarge8" parent="phase3Orbs" index="7" instance=ExtResource( 3 )]
transform = Transform( 0.999948, -0.00540104, -0.00864361, 0.00556652, 0.999799, 0.0192399, 0.00853795, -0.019287, 0.999778, -19.7263, -23.3348, 8 )
