[gd_scene load_steps=4 format=2]

[ext_resource path="res://src/bosses/octogonalBoss/OctogonalBaseFace.tscn" type="PackedScene" id=1]
[ext_resource path="res://assets/imgs/bosses/octogonalBoss/sides/side5.tres" type="SpriteFrames" id=2]
[ext_resource path="res://src/bosses/generalBossStuff/HealthOrbLarge.tscn" type="PackedScene" id=3]

[node name="side5" instance=ExtResource( 1 )]

[node name="AnimatedSprite3D" parent="." index="1"]
frames = ExtResource( 2 )
animation = "1"
frame = 1

[node name="HealthOrbLarge" parent="phase1Orbs" index="0" groups=[
"rocketImmune",
] instance=ExtResource( 3 )]
transform = Transform( 1, 0, 0, 0, 0.866025, 0.5, 0, -0.5, 0.866025, 0, -4, -2 )

[node name="HealthOrbLarge2" parent="phase1Orbs" index="1" groups=[
"rocketImmune",
] instance=ExtResource( 3 )]
transform = Transform( 1, 0, 0, 0, 0.866025, 0.5, 0, -0.5, 0.866025, 0, -18, 7 )

[node name="HealthOrbLarge3" parent="phase1Orbs" index="2" groups=[
"rocketImmune",
] instance=ExtResource( 3 )]
transform = Transform( 1, 0, 0, 0, 0.866025, 0.5, 0, -0.5, 0.866025, 6.8427, -10.9941, 2 )

[node name="HealthOrbLarge4" parent="phase1Orbs" index="3" groups=[
"rocketImmune",
] instance=ExtResource( 3 )]
transform = Transform( 1, 0, 0, 0, 0.866025, 0.5, 0, -0.5, 0.866025, -6.1573, -10.9941, 2 )

[node name="phase2Orbs" parent="." index="3"]
visible = false

[node name="HealthOrbLarge" parent="phase2Orbs" index="0" groups=[
"rocketImmune",
] instance=ExtResource( 3 )]
transform = Transform( 1, 0, 0, 0, 0.866025, 0.5, 0, -0.5, 0.866025, 0, -4, -2 )

[node name="HealthOrbLarge5" parent="phase2Orbs" index="1" groups=[
"rocketImmune",
] instance=ExtResource( 3 )]
transform = Transform( 1, 0, 0, 0, 0.866025, 0.5, 0, -0.5, 0.866025, 0.316257, 2.15694, -5.37922 )

[node name="HealthOrbLarge6" parent="phase2Orbs" index="2" groups=[
"rocketImmune",
] instance=ExtResource( 3 )]
transform = Transform( 1, 0, 0, 0, 0.866025, 0.5, 0, -0.5, 0.866025, 8.5438, -3.6963, -2.34254 )

[node name="HealthOrbLarge7" parent="phase2Orbs" index="3" groups=[
"rocketImmune",
] instance=ExtResource( 3 )]
transform = Transform( 1, 0, 0, 0, 0.866025, 0.5, 0, -0.5, 0.866025, -8.31603, -3.82117, -2.34254 )

[node name="HealthOrbLarge2" parent="phase2Orbs" index="4" groups=[
"rocketImmune",
] instance=ExtResource( 3 )]
transform = Transform( 1, 0, 0, 0, 0.866025, 0.5, 0, -0.5, 0.866025, -1.04183, -19.0036, 7 )

[node name="HealthOrbLarge3" parent="phase2Orbs" index="5" groups=[
"rocketImmune",
] instance=ExtResource( 3 )]
transform = Transform( 1, 0, 0, 0, 0.866025, 0.5, 0, -0.5, 0.866025, 14.4103, -12.8736, 7 )

[node name="HealthOrbLarge4" parent="phase2Orbs" index="6" groups=[
"rocketImmune",
] instance=ExtResource( 3 )]
transform = Transform( 1, 0, 0, 0, 0.866025, 0.5, 0, -0.5, 0.866025, -14.5897, -12.8736, 7 )

[node name="phase3Orbs" parent="." index="4"]
visible = false

[node name="HealthOrbLarge" parent="phase3Orbs" index="0" groups=[
"rocketImmune",
] instance=ExtResource( 3 )]
transform = Transform( 1, 0, 0, 0, 0.866025, 0.5, 0, -0.5, 0.866025, -1, -1.05548, -2 )

[node name="HealthOrbLarge2" parent="phase3Orbs" index="1" groups=[
"rocketImmune",
] instance=ExtResource( 3 )]
transform = Transform( 1, 0, 0, 0, 0.866025, 0.5, 0, -0.5, 0.866025, -1, 14.9445, -11 )

[node name="HealthOrbLarge3" parent="phase3Orbs" index="2" groups=[
"rocketImmune",
] instance=ExtResource( 3 )]
transform = Transform( 1, 0, 0, 0, 0.866025, 0.5, 0, -0.5, 0.866025, 0, -18.0555, 9 )
