[gd_scene load_steps=5 format=2]

[ext_resource path="res://src/world/blocks/BaseFloor.tscn" type="PackedScene" id=1]
[ext_resource path="res://src/world/blocks/WallRegular.tscn" type="PackedScene" id=2]
[ext_resource path="res://src/pickup/bulletPickup.tscn" type="PackedScene" id=3]
[ext_resource path="res://src/world/blocks/FloatingRoofs3.gd" type="Script" id=4]

[node name="FloatingRoofs3" instance=ExtResource( 1 )]
script = ExtResource( 4 )

[node name="WallRegular" parent="." index="2" instance=ExtResource( 2 )]
transform = Transform( 0.965926, -1.13133e-08, -0.258819, -0.258819, -4.2222e-08, -0.965926, 0, 1, -4.37114e-08, 0, 34, -22 )

[node name="WallRegular2" parent="." index="3" instance=ExtResource( 2 )]
transform = Transform( -4.2222e-08, 1, -3.2398e-08, -0.258819, -4.2222e-08, -0.965926, -0.965926, -3.2398e-08, 0.258819, 0, 41, 20 )

[node name="WallRegular3" parent="." index="4" instance=ExtResource( 2 )]
transform = Transform( -0.845515, 0.2515, 0.471011, -0.471809, 0.0611138, -0.87958, -0.25, -0.965926, 0.0669873, 30, 76, -16 )

[node name="bulletPickup" parent="." index="5" instance=ExtResource( 3 )]
transform = Transform( 1, 0, 0, 0, 1, 0, 0, 0, 1, 31.0081, 84.1658, -15.9573 )

[node name="Timer" type="Timer" parent="." index="6"]

[connection signal="timeout" from="Timer" to="." method="_on_Timer_timeout"]
