[gd_scene load_steps=4 format=2]

[ext_resource path="res://src/world/blocks/BaseFloor.tscn" type="PackedScene" id=1]
[ext_resource path="res://src/world/blocks/MiniWall.tscn" type="PackedScene" id=2]
[ext_resource path="res://src/pickup/jumpPad.tscn" type="PackedScene" id=3]

[node name="LotsFiveOfSlantedMinis" instance=ExtResource( 1 )]

[node name="MiniWall" parent="." index="2" instance=ExtResource( 2 )]
transform = Transform( 1, 0, 0, 0, 0.5, 0.866025, 0, -0.866025, 0.5, 9, 25, -10 )

[node name="MiniWall2" parent="." index="3" instance=ExtResource( 2 )]
transform = Transform( 0.707107, -0.612372, 0.353553, 0, 0.5, 0.866025, -0.707107, -0.612372, 0.353553, -12, 34, -10 )

[node name="MiniWall3" parent="." index="4" instance=ExtResource( 2 )]
transform = Transform( -0.68861, -0.709968, 0.147518, -0.160675, 0.347772, 0.923709, -0.707107, 0.612372, -0.353553, -15, 48, 8 )

[node name="MiniWall4" parent="." index="5" instance=ExtResource( 2 )]
transform = Transform( -0.612372, -0.78033, -0.126827, -0.353553, 0.126826, 0.926777, -0.707107, 0.612372, -0.353553, 13, 43, 8 )

[node name="MiniWall5" parent="." index="6" instance=ExtResource( 2 )]
transform = Transform( -0.603766, -0.702922, -0.37599, -0.112741, -0.391625, 0.913192, -0.789149, 0.593743, 0.157202, 15.0114, 62, 1 )

[node name="jumpPad" parent="." index="7" instance=ExtResource( 3 )]
transform = Transform( 1, 0, 0, 0, 1, 0, 0, 0, 1, 0, 1.15207, 0 )
